Jack    78 85 74 56 87 83 69
Bob     56 65 54 67 53 58 60
Tom     75 75 80 79 78 74 77
Lee     79 81 80 81 81 83 82
Hugo    58 60 61 60 59 63 62
Philip  65 64 67 68 59 60 60
Ethan   95 94 93 94 90 89 94
Jett    89 80 87 88 86 85 88
Randy   99 100 98 95 94 92 96
Juan    78 79 77 78 78 69 82
Bobby   82 81 83 81 81 82 81
Vincent 71 71 73 75 72 69 68
Jonny   87 89 85 86 86 79 81
Dylan   84 83 83 82 85 84 81
Craig   79 80 80 79 78 76 85
Jasper  74 69 68 72 72 71 75
Felix   65 64 63 65 68 69 70
Alex    92 91 90 91 93 91 88
Sam     89 85 87 86 89 89 85
Fred    71 76 70 71 67 72 71
Brandon 87 90 86 88 89 89 85
O'Neal  84 79 80 83 83 84 85
Taylor  90 90 90 99 95 90 92
Dirk    61 65 62 63 56 60 60
Mcgrady 73 72 76 79 78 70 73
John    89 88 86 85 90 87 88
Howard  92 93 91 90 89 94 92 
Jenson  78 69 75 74 76 77 77
Kunkun  64 70 67 69 59 65 70
Langlang    100 99 98 95 94 99 98